0 375
1 1348
2 1843
3 1687
4 2199
5 1911
6 2130
7 2825
8 2529
9 2518
10 2589
11 2730
12 2905
13 3311
14 3484
15 3592
16 3660
17 3867
18 3996
19 4186
20 4759
21 5201
22 5421
23 5226
24 5339
25 4839
26 6623
27 7639
28 9080
29 9830
30 503
31 501
32 543
33 542
34 520
35 499
36 572
37 505
38 497
39 952
40 854
41 730
42 753
43 767
44 682
45 789
46 968
47 1008
48 1309
49 1372
50 1541
51 1954
52 1636
53 2217
54 2235
55 2214
56 2299
57 2618
58 2542
59 2597
60 3101
61 3094
62 3061
63 3141
64 3429
65 3294
66 4058
67 3990
68 4722
69 4911
70 4783
71 5375
72 5657
73 6429
74 7417
75 8694
76 10941
77 33572
78 68519
79 71437
80 81330
81 85599
82 100419
83 96800
84 101370
85 102648
86 127688
87 108822
88 111941
89 114187
90 151036
91 118526
92 123071
93 127591
94 158768
95 130004
96 136139
97 130634
98 160383
99 129501
100 129069
101 122306
102 160802
103 129161
104 126597
105 129764
106 148342
107 130457
108 140752
109 134003
110 156466
111 132242
112 131704
113 143749
114 162346
115 152199
116 139821
117 140349
118 185454
119 148445
120 157881
121 150256
122 174134
123 145675
124 150037
125 143198
126 184396
127 141931
128 142614
129 147551
130 172547
131 140778
132 144984
133 141179
134 176853
135 139932
136 124742
137 126955
138 150447
139 122812
140 116678
141 119568
142 134114
143 108987
144 113884
145 106951
146 112743
147 96102
148 92388
149 88122
150 102519
151 85162
152 82113
153 118416
154 178100
155 177997
156 209175
157 199836
158 220135
159 225663
160 221004
161 212052
162 236679
163 207715
164 204668
165 198484
166 221594
167 183680
168 191323
169 187133
170 196516
171 192529
172 193339
173 191382
174 199489
175 188666
176 188272
177 192172
178 213042
179 188477
180 188606
181 203125
182 210274
183 214238
184 211534
185 226466
186 239937
187 218276
188 231973
189 243814
190 262967
191 233604
192 241798
193 243912
194 259733
195 242389
196 245909
197 240289
198 245403
199 240125
200 233956
201 231505
202 251164
203 225108
204 225994
205 239234
206 227842
207 211249
208 201592
209 188853
210 203803
211 174687
212 161907
213 153738
214 158435
215 142862
216 147861
217 139276
218 142100
219 129477
220 133978
221 121419
222 124831
223 108936
224 106471
225 101543
226 95242
227 73986
228 62050
229 44682
230 0
231 0
232 0
233 0
234 0
235 0
236 0
237 0
238 0
239 0
240 0
241 0
242 0
243 0
244 0
245 0
246 0
247 0
248 0
249 0
250 0
251 0
252 0
253 0
254 0
255 0
256 0
257 0
258 0
259 0
260 0
261 0
262 0
263 0
264 0
265 0
266 0
267 0
268 0
269 0
270 0
271 0
272 0
273 0
274 0
275 0
276 0
277 0
278 0
279 0
280 0
281 0
282 0
283 0
284 0
285 0
286 0
287 0
288 0
289 0
290 0
291 0
292 0
293 0
294 0
295 0
296 0
297 0
298 0
299 0
300 0
301 0
302 0
303 0
304 0
305 0
306 0
307 0
308 0
309 0
310 0
311 0
312 0
313 0
314 0
315 0
316 0
317 0
318 0
319 0
320 0
321 0
322 0
323 0
324 0
325 0
326 0
327 0
328 0
329 0
330 0
331 0
332 0
333 0
334 0
335 0
336 0
337 0
338 0
339 0
340 0
341 0
342 0
343 0
344 0
345 0
346 0
347 0
348 0
349 0
350 0
351 0
352 0
353 0
354 0
355 0
356 0
357 0
358 0
359 0
360 0
361 0
362 0
363 0
364 0
365 0
366 0
367 0
368 0
369 0
370 0
371 0
372 0
373 0
374 0
375 0
376 0
377 0
378 0
379 0
380 0
381 0
382 0
383 0
384 0
385 0
386 0
387 0
388 0
389 0
390 0
391 0
392 0
393 0
394 0
395 0
396 0
397 0
398 0
399 0
400 0
401 0
402 0
403 0
404 0
405 0
406 0
407 0
408 0
409 0
410 0
411 0
412 0
413 0
414 0
415 0
416 0
417 0
418 0
419 0
420 0
421 0
422 0
423 0
424 0
425 0
426 0
427 0
428 0
429 0
430 0
431 0
432 0
433 0
434 0
435 0
436 0
437 0
438 0
439 0
440 0
441 0
442 0
443 0
444 0
445 0
446 0
447 0
448 0
449 0
450 0
451 0
452 0
453 0
454 0
455 0
456 0
457 0
458 0
459 0
460 0
461 0
462 0
463 0
464 0
465 0
466 0
467 0
468 0
469 0
470 0
471 0
472 0
473 0
474 0
475 0
476 0
477 0
478 0
479 0
480 0
481 0
482 0
483 0
484 0
485 0
486 0
487 0
488 0
489 0
490 0
491 0
492 0
493 0
494 0
495 0
496 0
497 0
498 0
499 0
500 0
501 0
502 0
503 0
504 0
505 0
506 0
507 0
508 0
509 0
510 0
511 0
512 0
513 0
514 0
515 0
516 0
517 0
518 0
519 0
520 0
521 0
522 0
523 0
524 0
525 0
526 0
527 0
528 0
529 0
530 0
531 0
532 0
533 0
534 0
535 0
536 0
537 0
538 0
539 0
540 0
541 0
542 0
543 0
544 0
545 0
546 0
547 0
548 0
549 0
550 0
551 0
552 0
553 0
554 0
555 0
556 0
557 0
558 0
559 0
560 0
561 0
562 0
563 0
564 0
565 0
566 0
567 0
568 0
569 0
570 0
571 0
572 0
573 0
574 0
575 0
576 0
577 0
578 0
579 0
580 0
581 0
582 0
583 0
584 0
585 0
586 0
587 0
588 0
589 0
590 0
591 0
592 0
593 0
594 0
595 0
596 0
597 0
598 0
599 0
600 0
601 0
602 0
603 0
604 0
605 0
606 0
607 0
608 0
609 0
610 0
611 0
612 0
613 0
614 0
615 0
616 0
617 0
618 0
619 0
620 0
621 0
622 0
623 0
624 0
625 0
626 0
627 0
628 0
629 0
630 0
631 0
632 0
633 0
634 0
635 0
636 0
637 0
638 0
639 0
640 0
641 0
642 0
643 0
644 0
645 0
646 0
647 0
648 0
649 0
650 0
651 0
652 0
653 0
654 0
655 0
656 0
657 0
658 0
659 0
660 0
661 0
662 0
663 0
664 0
665 0
666 0
667 0
668 0
669 0
670 0
671 0
672 0
673 0
674 0
675 0
676 0
677 0
678 0
679 0
680 0
681 0
682 0
683 0
684 0
685 0
686 0
687 0
688 0
689 0
690 0
691 0
692 0
693 0
694 0
695 0
696 0
697 0
698 0
699 0
700 0
701 0
702 0
703 0
704 0
705 0
706 0
707 0
708 0
709 0
710 0
711 0
712 0
713 0
714 0
715 0
716 0
717 0
718 0
719 0
720 0
721 0
722 0
723 0
724 0
725 0
726 0
727 0
728 0
729 0
730 0
731 0
732 0
733 0
734 0
735 0
736 0
737 0
738 0
739 0
740 0
741 0
742 0
743 0
744 0
745 0
746 0
747 0
748 0
749 0
750 0
751 0
752 0
753 0
754 0
755 0
756 0
757 0
758 0
759 0
760 0
761 0
762 0
763 0
764 0
765 0
766 0
767 0
768 0
769 0
770 289869
771 19052
772 0
773 0
774 0
775 0
776 0
777 0
778 0
779 0
780 0
781 0
782 0
783 0
784 0
785 0
786 0
787 0
788 0
789 0
790 0
791 0
792 0
793 0
794 0
795 0
796 0
797 0
798 0
799 0
800 0
801 0
802 0
803 0
804 0
805 0
806 0
807 0
808 0
809 0
810 0
811 0
812 0
813 0
814 0
815 0
816 0
817 0
818 0
819 0
820 0
821 0
822 0
823 0
824 0
825 0
826 0
827 0
828 0
829 0
830 0
831 0
832 0
833 0
834 0
835 0
836 0
837 0
838 0
839 0
840 0
841 0
842 0
843 0
844 0
845 0
846 0
847 0
848 0
849 0
850 0
851 0
852 0
853 0
854 0
855 0
856 0
857 0
858 0
859 0
860 0
861 0
862 0
863 0
864 0
865 0
866 0
867 0
868 0
869 0
870 0
871 0
872 0
873 0
874 0
875 0
876 0
877 0
878 0
879 0
880 0
881 0
882 0
883 0
884 0
885 0
886 0
887 0
888 0
889 0
890 0
891 0
892 0
893 0
894 0
895 0
896 0
897 0
898 0
899 0
900 0
901 0
902 0
903 0
904 0
905 0
906 0
907 0
908 0
909 0
910 0
911 0
912 0
913 0
914 0
915 0
916 0
917 0
918 0
919 0
920 0
921 0
922 0
923 0
924 0
925 0
926 0
927 0
928 0
929 0
930 0
931 0
932 0
933 0
934 0
935 0
936 0
937 0
938 0
939 0
940 0
941 0
942 0
943 0
944 0
945 0
946 0
947 0
948 0
949 0
950 0
951 0
952 0
953 0
954 0
955 0
956 0
957 0
958 0
959 0
960 0
961 0
962 0
963 0
964 0
965 0
966 0
967 0
968 0
969 0
970 0
971 0
972 0
973 0
974 0
975 0
976 0
977 0
978 0
979 0
980 0
981 0
982 0
983 0
984 0
985 0
986 0
987 0
988 0
989 0
990 0
991 0
992 0
993 0
994 0
995 0
996 0
997 0
998 0
999 0
1000 0
1001 0
1002 0
1003 0
1004 0
1005 0
1006 0
1007 0
1008 0
1009 0
1010 0
1011 0
1012 0
1013 0
1014 0
1015 0
1016 0
1017 0
1018 0
1019 0
1020 0
1021 0
1022 0
1023 0
1024 0
1025 0
1026 0
1027 0
1028 0
1029 0
1030 0
1031 0
1032 0
1033 0
1034 0
1035 0
1036 0
1037 0
1038 0
1039 0
1040 0
1041 0
1042 0
1043 0
1044 0
1045 0
1046 0
1047 0
1048 0
1049 0
1050 0
1051 0
1052 0
1053 0
1054 0
1055 0
1056 0
1057 0
1058 113525
1059 0
1060 0
1061 0
1062 0
1063 0
1064 0
1065 0
1066 0
1067 0
1068 0
1069 0
1070 0
1071 0
1072 0
1073 0
1074 0
1075 0
1076 0
1077 0
1078 0
1079 0
1080 0
1081 0
1082 0
1083 0
1084 0
1085 0
1086 0
1087 0
1088 0
1089 0
1090 0
1091 0
1092 0
1093 0
1094 0
1095 0
1096 0
1097 0
1098 0
1099 0
1100 0
1101 0
1102 0
1103 0
1104 0
1105 0
1106 0
1107 0
1108 0
1109 0
1110 0
1111 0
1112 0
1113 0
1114 0
1115 0
1116 0
1117 0
1118 0
1119 0
1120 0
1121 0
1122 0
1123 0
1124 0
1125 0
1126 0
1127 0
1128 0
1129 0
1130 0
1131 0
1132 0
1133 0
1134 0
1135 0
1136 0
1137 0
1138 0
1139 0
1140 0
1141 0
1142 0
1143 0
1144 0
1145 0
1146 0
1147 0
1148 0
1149 0
1150 0
1151 0
1152 0
1153 0
1154 0
1155 0
1156 0
1157 0
1158 0
1159 0
1160 0
1161 0
1162 0
1163 0
1164 0
1165 0
1166 0
1167 0
1168 0
1169 0
1170 0
1171 0
1172 0
1173 0
1174 0
1175 0
1176 0
1177 0
1178 0
1179 0
1180 0
1181 0
1182 0
1183 0
1184 0
1185 0
1186 0
1187 0
1188 0
1189 0
1190 0
1191 0
1192 0
1193 0
1194 0
1195 0
1196 0
1197 0
1198 0
1199 0
1200 0
1201 0
1202 0
1203 0
1204 0
1205 0
1206 0
1207 0
1208 0
1209 0
1210 0
1211 0
1212 0
1213 0
1214 0
1215 0
1216 0
1217 0
1218 0
1219 0
1220 0
1221 0
1222 0
1223 0
1224 0
1225 0
1226 0
1227 0
1228 0
1229 0
1230 0
1231 29249
1232 28969
1233 29016
1234 28649
1235 28008
1236 27088
1237 27909
1238 27247
1239 27231
1240 27536
1241 28120
1242 27773
1243 27192
1244 27157
1245 26719
1246 27106
1247 25776
1248 26632
1249 25990
1250 27590
1251 27000
1252 25899
1253 27097
1254 26338
1255 26367
1256 25036
1257 26114
1258 25061
1259 24755
1260 24167
1261 24037
1262 24010
1263 23609
1264 23469
1265 23368
1266 23820
1267 22896
1268 22986
1269 23057
1270 22917
1271 23130
1272 22853
1273 22707
1274 22982
1275 23115
1276 21989
1277 22866
1278 22984
1279 22183
1280 24239
1281 22437
1282 23800
1283 23350
1284 22479
1285 22586
1286 22481
1287 22449
1288 22230
1289 22809
1290 22435
1291 22180
1292 22357
1293 22481
1294 22228
1295 22671
1296 23171
1297 21662
1298 22231
1299 22950
1300 21641
1301 22215
1302 22770
1303 22945
1304 22681
1305 22306
1306 22702
1307 22177
1308 22809
1309 21972
1310 22695
1311 22649
1312 21726
1313 22150
1314 21936
1315 21967
1316 22523
1317 22231
1318 22349
1319 22734
1320 22128
1321 21695
1322 23101
1323 22659
1324 22229
1325 22310
1326 22372
1327 21931
1328 22169
1329 21987
1330 22389
1331 22435
1332 22791
1333 21828
1334 23003
1335 22832
1336 22628
1337 23017
1338 23233
1339 22719
1340 23431
1341 22868
1342 23967
1343 23660
1344 22560
1345 23188
1346 22717
1347 22995
1348 23054
1349 22787
1350 22973
1351 23179
1352 22913
1353 22774
1354 23528
1355 23036
1356 22909
1357 22853
1358 22513
1359 22838
1360 22638
1361 23728
1362 23550
1363 22833
1364 22898
1365 23902
1366 26244
1367 24717
1368 24581
1369 26908
1370 27900
1371 23652
1372 19719
1373 21442
1374 26035
1375 18856
1376 19693
1377 19299
1378 20221
1379 19006
1380 20119
1381 19549
1382 20077
1383 20668
1384 19748
1385 18556
1386 18943
1387 19319
1388 18702
1389 19618
1390 20126
1391 18698
1392 18503
1393 18720
1394 19315
1395 19076
1396 18754
1397 19343
1398 19688
1399 19312
1400 18856
1401 18773
1402 19860
1403 18904
1404 19483
1405 19205
1406 19271
1407 18902
1408 19078
1409 18585
1410 19018
1411 19064
1412 18349
1413 18275
1414 18929
1415 19198
1416 18442
1417 19137
1418 18629
1419 19645
1420 18753
1421 18630
1422 18862
1423 19474
1424 18973
1425 19067
1426 18669
1427 18230
1428 18724
1429 18121
1430 19861
1431 18772
1432 20092
1433 19415
1434 19598
1435 19438
1436 18844
1437 18452
1438 19155
1439 21695
1440 26524
1441 26679
1442 28297
1443 25422
1444 25071
1445 28112
1446 30039
1447 30370
1448 26343
1449 25493
1450 23161
1451 19604
1452 19960
1453 20295
1454 19933
1455 19428
1456 19948
1457 19845
1458 22040
1459 20522
1460 21254
1461 20407
1462 19126
1463 22146
1464 22467
1465 22919
1466 20436
1467 20324
1468 20760
1469 20805
1470 21235
1471 20527
1472 22086
1473 21667
1474 20283
1475 20859
1476 18689
1477 18119
1478 24590
1479 21475
1480 23432
1481 24138
1482 25530
1483 24595
1484 22008
1485 22831
1486 24831
1487 22499
1488 23682
1489 23398
1490 22960
1491 24007
1492 23199
1493 23233
1494 21712
1495 18888
1496 18571
1497 19072
1498 19148
1499 19061
1500 19025
1501 18624
1502 18833
1503 18643
1504 18499
1505 19473
1506 18271
1507 18689
1508 18940
1509 18548
1510 18852
1511 19853
1512 18226
1513 18394
1514 18718
1515 18348
1516 19269
1517 18618
1518 18475
1519 18916
1520 18551
1521 19297
1522 19069
1523 18707
1524 18508
1525 18965
1526 18421
1527 18891
1528 18962
1529 19936
1530 24499
1531 23071
1532 21333
1533 22959
1534 23484
1535 25672
1536 26755
1537 26526
1538 31732
1539 23790
1540 24527
1541 23825
1542 22216
1543 22232
1544 28475
1545 28975
1546 25322
1547 22411
1548 21710
1549 20514
1550 25357
1551 20908
1552 23034
1553 19963
1554 20681
1555 19556
1556 22986
1557 23314
1558 22246
1559 22579
1560 21096
1561 20361
1562 22225
1563 20102
1564 20139
1565 22500
1566 26294
1567 19298
1568 19762
1569 18537
1570 18708
1571 19033
1572 18502
1573 18763
1574 19357
1575 18678
1576 18553
1577 18815
1578 18652
1579 19113
1580 18825
1581 18642
1582 19319
1583 18803
1584 19111
1585 18703
1586 19102
1587 18645
1588 18598
1589 19250
1590 19277
1591 19245
1592 18557
1593 19197
1594 20156
1595 21057
1596 19404
1597 19521
1598 19616
1599 20469
1600 20107
1601 19486
1602 19285
1603 20947
1604 19686
1605 18882
1606 19106
1607 20109
1608 19701
1609 19513
1610 19530
1611 18794
1612 18323
1613 18565
1614 19887
1615 19586
1616 19035
1617 19009
1618 18579
1619 18916
1620 19659
1621 20928
1622 20115
1623 20487
1624 19033
1625 19552
1626 19441
1627 20399
1628 18975
1629 19477
1630 20488
1631 26443
1632 26331
1633 20544
1634 20875
1635 19708
1636 20221
1637 20669
1638 22192
1639 20566
1640 20080
1641 19712
1642 20700
1643 20598
1644 19956
1645 20307
1646 18846
1647 18984
1648 19205
1649 19535
1650 21235
1651 20926
1652 20330
1653 20220
1654 21673
1655 21744
1656 21080
1657 20214
1658 20584
1659 21778
1660 21125
1661 20796
1662 21426
1663 20482
1664 22997
1665 28264
1666 25872
1667 23883
1668 25657
1669 25865
1670 25985
1671 23406
1672 25076
1673 24918
1674 27304
1675 27749
1676 26245
1677 26785
1678 23839
1679 21946
1680 21236
1681 23272
1682 21128
1683 20565
1684 20449
1685 19483
1686 23321
1687 23916
1688 25464
1689 27993
1690 23851
1691 23558
1692 22424
1693 21338
1694 25080
1695 22253
1696 21434
1697 22040
1698 22137
1699 20275
1700 20642
1701 24054
1702 26287
1703 22253
1704 25733
1705 27359
1706 27385
1707 21362
1708 20592
1709 29178
1710 26644
1711 18265
1712 18731
1713 18496
1714 19771
1715 19041
1716 19989
1717 19190
1718 21754
1719 20721
1720 19837
1721 21991
1722 21257
1723 22483
1724 21241
1725 20839
1726 21638
1727 21761
1728 21609
1729 21927
1730 24416
1731 25086
1732 32572
1733 25866
1734 30584
1735 29602
1736 29165
1737 22571
1738 22622
1739 21553
1740 20851
1741 26755
1742 25574
1743 24100
1744 25117
1745 27374
1746 21606
1747 19981
1748 20582
1749 19884
1750 19629
1751 19856
1752 20210
1753 19429
1754 20167
1755 20318
1756 19035
1757 19111
1758 19243
1759 18735
1760 19388
1761 18886
1762 19830
1763 21096
1764 20791
1765 27708
1766 25854
1767 24098
1768 23268
1769 23253
1770 23502
1771 23469
1772 23807
1773 24946
1774 25077
1775 24945
1776 26298
1777 24948
1778 23982
1779 22959
1780 20265
1781 19928
1782 24828
1783 25121
1784 22519
1785 20487
1786 20562
1787 21079
1788 21327
1789 21133
1790 19914
1791 19165
1792 19176
1793 19505
1794 19645
1795 19057
1796 19753
1797 19624
1798 20202
1799 19726
1800 20781
1801 20569
1802 21102
1803 19608
1804 19895
1805 18531
1806 20605
1807 19762
1808 19741
1809 20766
1810 21946
1811 19428
1812 18272
1813 19057
1814 19771
1815 19224
1816 19579
1817 19466
1818 20567
1819 19700
1820 21129
1821 22738
1822 20085
1823 21345
1824 21962
1825 24538
1826 24864
1827 24170
1828 20981
1829 21061
1830 21513
1831 19058
1832 19204
1833 19020
1834 19551
1835 18886
1836 18964
1837 19553
1838 20518
1839 19067
1840 19593
1841 19671
1842 20561
1843 19922
1844 19029
1845 19888
1846 19745
1847 21500
1848 21746
1849 20487
1850 20974
1851 22558
1852 20777
1853 22776
1854 23371
1855 20801
1856 20195
1857 21239
1858 24386
1859 27978
1860 24498
1861 27563
1862 26677
1863 26467
1864 25052
1865 24862
1866 26337
1867 24793
1868 24091
1869 26950
1870 24713
1871 24920
1872 22085
1873 22185
1874 23151
1875 20616
1876 19783
1877 21237
1878 21329
1879 21320
1880 20252
1881 20008
1882 20121
1883 21187
1884 20180
1885 19131
1886 19599
1887 19230
1888 18926
1889 19607
1890 18390
1891 18491
1892 18593
1893 19394
1894 19090
1895 19192
1896 19970
1897 19208
1898 19677
1899 20381
1900 20968
1901 20443
1902 19592
1903 19948
1904 19910
1905 21882
1906 21527
1907 19984
1908 20032
1909 18621
1910 19198
1911 22734
1912 20292
1913 19661
1914 20501
1915 20579
1916 20700
1917 20329
1918 20595
1919 19269
1920 19968
1921 20606
1922 21170
1923 20141
1924 18842
1925 19106
1926 20251
1927 19136
1928 22484
1929 22184
1930 21075
1931 19203
1932 20152
1933 20112
1934 19973
1935 19188
1936 19268
1937 19583
1938 18863
1939 18779
1940 19243
1941 19322
1942 20147
1943 20416
1944 19695
1945 20598
1946 19908
1947 20037
1948 19832
1949 20398
1950 22168
1951 20764
1952 19353
1953 19497
1954 20505
1955 19824
1956 20891
1957 20829
1958 20747
1959 20577
1960 21188
1961 21416
1962 21221
1963 20989
1964 20200
1965 20860
1966 22774
1967 21462
1968 21840
1969 24906
1970 26003
1971 22957
1972 28124
1973 25762
1974 21016
1975 19287
1976 19665
1977 19944
1978 21670
1979 20852
1980 20997
1981 21980
1982 24112
1983 25152
1984 23450
1985 23897
1986 21211
1987 19861
1988 20701
1989 20437
1990 22239
1991 21491
1992 21733
1993 21521
1994 21439
1995 20640
1996 22092
1997 20996
1998 22820
1999 22729
2000 21747
2001 21738
2002 21757
2003 20297
2004 20892
2005 26333
2006 30823
2007 20909
2008 20441
2009 20006
2010 21011
2011 19522
2012 22055
2013 20886
2014 21877
2015 22379
2016 22307
2017 23768
2018 24351
2019 20789
2020 21755
2021 21168
2022 24226
2023 28700
2024 23565
2025 24416
2026 25375
2027 26967
2028 27808
2029 26207
2030 27224
2031 1348
2032 973
2033 953
2034 994
2035 719
2036 692
2037 615
2038 620
2039 566
2040 908
2041 913
2042 1056
2043 794
2044 862
2045 829
2046 856
2047 40594606
